{
 "cells": [
  {
   "cell_type": "markdown",
   "id": "1e56bbe8",
   "metadata": {},
   "source": [
    "# Simple Linear Regression"
   ]
  },
  {
   "cell_type": "code",
   "execution_count": 1,
   "id": "dcba339a-bfd6-412b-8465-e64cec249d9b",
   "metadata": {},
   "outputs": [],
   "source": [
    "import numpy as np\n",
    "import pandas as pd \n",
    "import seaborn as sns\n",
    "import statsmodels.api as sm"
   ]
  },
  {
   "cell_type": "code",
   "execution_count": 2,
   "id": "ea0d0a15",
   "metadata": {},
   "outputs": [],
   "source": [
    "df = pd.read_csv(\"D:/Users/sakthi/Documents/ML/Data Files/1. ST Academy - Crash course and Regression files/House_price.csv\",header=0)\n",
    "#df = pd.read_csv(\"D:/Users/sakthi/Documents/ML/Data Files/1. ST Academy - Crash course and Regression files/House_price.csv\",header=0)"
   ]
  },
  {
   "cell_type": "code",
   "execution_count": 3,
   "id": "35825d8d",
   "metadata": {},
   "outputs": [
    {
     "name": "stdout",
     "output_type": "stream",
     "text": [
      "<class 'pandas.core.frame.DataFrame'>\n",
      "RangeIndex: 506 entries, 0 to 505\n",
      "Data columns (total 16 columns):\n",
      " #   Column       Non-Null Count  Dtype  \n",
      "---  ------       --------------  -----  \n",
      " 0   price        506 non-null    float64\n",
      " 1   crime_rate   506 non-null    float64\n",
      " 2   resid_area   506 non-null    float64\n",
      " 3   air_qual     506 non-null    float64\n",
      " 4   room_num     506 non-null    float64\n",
      " 5   age          506 non-null    float64\n",
      " 6   dist1        506 non-null    float64\n",
      " 7   dist2        506 non-null    float64\n",
      " 8   dist3        506 non-null    float64\n",
      " 9   dist4        506 non-null    float64\n",
      " 10  teachers     506 non-null    float64\n",
      " 11  poor_prop    506 non-null    float64\n",
      " 12  n_hos_beds   498 non-null    float64\n",
      " 13  n_hot_rooms  506 non-null    float64\n",
      " 14  rainfall     506 non-null    int64  \n",
      " 15  parks        506 non-null    float64\n",
      "dtypes: float64(15), int64(1)\n",
      "memory usage: 63.4 KB\n"
     ]
    }
   ],
   "source": [
    "df.info()"
   ]
  },
  {
   "cell_type": "code",
   "execution_count": 4,
   "id": "70bbe0ae",
   "metadata": {},
   "outputs": [],
   "source": [
    "#pd.get_dummies(df)"
   ]
  },
  {
   "cell_type": "code",
   "execution_count": 5,
   "id": "14ca00e3",
   "metadata": {},
   "outputs": [],
   "source": [
    "df['n_hos_beds'].fillna(value = df['n_hos_beds'].mean(),inplace=True)"
   ]
  },
  {
   "cell_type": "code",
   "execution_count": 6,
   "id": "8e6f2ff4",
   "metadata": {},
   "outputs": [
    {
     "name": "stdout",
     "output_type": "stream",
     "text": [
      "<class 'pandas.core.frame.DataFrame'>\n",
      "RangeIndex: 506 entries, 0 to 505\n",
      "Data columns (total 16 columns):\n",
      " #   Column       Non-Null Count  Dtype  \n",
      "---  ------       --------------  -----  \n",
      " 0   price        506 non-null    float64\n",
      " 1   crime_rate   506 non-null    float64\n",
      " 2   resid_area   506 non-null    float64\n",
      " 3   air_qual     506 non-null    float64\n",
      " 4   room_num     506 non-null    float64\n",
      " 5   age          506 non-null    float64\n",
      " 6   dist1        506 non-null    float64\n",
      " 7   dist2        506 non-null    float64\n",
      " 8   dist3        506 non-null    float64\n",
      " 9   dist4        506 non-null    float64\n",
      " 10  teachers     506 non-null    float64\n",
      " 11  poor_prop    506 non-null    float64\n",
      " 12  n_hos_beds   506 non-null    float64\n",
      " 13  n_hot_rooms  506 non-null    float64\n",
      " 14  rainfall     506 non-null    int64  \n",
      " 15  parks        506 non-null    float64\n",
      "dtypes: float64(15), int64(1)\n",
      "memory usage: 63.4 KB\n"
     ]
    }
   ],
   "source": [
    "df.info()"
   ]
  },
  {
   "cell_type": "code",
   "execution_count": 7,
   "id": "0ac18828",
   "metadata": {},
   "outputs": [
    {
     "name": "stdout",
     "output_type": "stream",
     "text": [
      "<class 'pandas.core.frame.DataFrame'>\n",
      "RangeIndex: 506 entries, 0 to 505\n",
      "Data columns (total 16 columns):\n",
      " #   Column       Non-Null Count  Dtype  \n",
      "---  ------       --------------  -----  \n",
      " 0   price        506 non-null    float64\n",
      " 1   crime_rate   506 non-null    float64\n",
      " 2   resid_area   506 non-null    float64\n",
      " 3   air_qual     506 non-null    float64\n",
      " 4   room_num     506 non-null    float64\n",
      " 5   age          506 non-null    float64\n",
      " 6   dist1        506 non-null    float64\n",
      " 7   dist2        506 non-null    float64\n",
      " 8   dist3        506 non-null    float64\n",
      " 9   dist4        506 non-null    float64\n",
      " 10  teachers     506 non-null    float64\n",
      " 11  poor_prop    506 non-null    float64\n",
      " 12  n_hos_beds   506 non-null    float64\n",
      " 13  n_hot_rooms  506 non-null    float64\n",
      " 14  rainfall     506 non-null    int64  \n",
      " 15  parks        506 non-null    float64\n",
      "dtypes: float64(15), int64(1)\n",
      "memory usage: 63.4 KB\n"
     ]
    }
   ],
   "source": [
    "df.info()"
   ]
  },
  {
   "cell_type": "code",
   "execution_count": 8,
   "id": "d5c32c08",
   "metadata": {},
   "outputs": [
    {
     "data": {
      "text/html": [
       "<div>\n",
       "<style scoped>\n",
       "    .dataframe tbody tr th:only-of-type {\n",
       "        vertical-align: middle;\n",
       "    }\n",
       "\n",
       "    .dataframe tbody tr th {\n",
       "        vertical-align: top;\n",
       "    }\n",
       "\n",
       "    .dataframe thead th {\n",
       "        text-align: right;\n",
       "    }\n",
       "</style>\n",
       "<table border=\"1\" class=\"dataframe\">\n",
       "  <thead>\n",
       "    <tr style=\"text-align: right;\">\n",
       "      <th></th>\n",
       "      <th>price</th>\n",
       "      <th>crime_rate</th>\n",
       "      <th>resid_area</th>\n",
       "      <th>air_qual</th>\n",
       "      <th>room_num</th>\n",
       "      <th>age</th>\n",
       "      <th>dist1</th>\n",
       "      <th>dist2</th>\n",
       "      <th>dist3</th>\n",
       "      <th>dist4</th>\n",
       "      <th>teachers</th>\n",
       "      <th>poor_prop</th>\n",
       "      <th>n_hos_beds</th>\n",
       "      <th>n_hot_rooms</th>\n",
       "      <th>rainfall</th>\n",
       "      <th>parks</th>\n",
       "    </tr>\n",
       "  </thead>\n",
       "  <tbody>\n",
       "    <tr>\n",
       "      <th>price</th>\n",
       "      <td>1.000000</td>\n",
       "      <td>-0.389582</td>\n",
       "      <td>-0.484754</td>\n",
       "      <td>-0.429300</td>\n",
       "      <td>0.696304</td>\n",
       "      <td>-0.377999</td>\n",
       "      <td>0.251355</td>\n",
       "      <td>0.249459</td>\n",
       "      <td>0.246650</td>\n",
       "      <td>0.248200</td>\n",
       "      <td>0.505655</td>\n",
       "      <td>-0.740836</td>\n",
       "      <td>0.108880</td>\n",
       "      <td>0.023122</td>\n",
       "      <td>-0.047426</td>\n",
       "      <td>-0.391574</td>\n",
       "    </tr>\n",
       "    <tr>\n",
       "      <th>crime_rate</th>\n",
       "      <td>-0.389582</td>\n",
       "      <td>1.000000</td>\n",
       "      <td>0.406583</td>\n",
       "      <td>0.420972</td>\n",
       "      <td>-0.219247</td>\n",
       "      <td>0.352734</td>\n",
       "      <td>-0.380050</td>\n",
       "      <td>-0.379813</td>\n",
       "      <td>-0.380069</td>\n",
       "      <td>-0.376462</td>\n",
       "      <td>-0.289946</td>\n",
       "      <td>0.455621</td>\n",
       "      <td>0.017371</td>\n",
       "      <td>0.013518</td>\n",
       "      <td>0.059204</td>\n",
       "      <td>0.383235</td>\n",
       "    </tr>\n",
       "    <tr>\n",
       "      <th>resid_area</th>\n",
       "      <td>-0.484754</td>\n",
       "      <td>0.406583</td>\n",
       "      <td>1.000000</td>\n",
       "      <td>0.763651</td>\n",
       "      <td>-0.391676</td>\n",
       "      <td>0.644779</td>\n",
       "      <td>-0.706481</td>\n",
       "      <td>-0.707956</td>\n",
       "      <td>-0.707566</td>\n",
       "      <td>-0.705819</td>\n",
       "      <td>-0.383248</td>\n",
       "      <td>0.603800</td>\n",
       "      <td>0.005799</td>\n",
       "      <td>-0.000839</td>\n",
       "      <td>0.055810</td>\n",
       "      <td>0.707635</td>\n",
       "    </tr>\n",
       "    <tr>\n",
       "      <th>air_qual</th>\n",
       "      <td>-0.429300</td>\n",
       "      <td>0.420972</td>\n",
       "      <td>0.763651</td>\n",
       "      <td>1.000000</td>\n",
       "      <td>-0.302188</td>\n",
       "      <td>0.731470</td>\n",
       "      <td>-0.768589</td>\n",
       "      <td>-0.769724</td>\n",
       "      <td>-0.769157</td>\n",
       "      <td>-0.764873</td>\n",
       "      <td>-0.188933</td>\n",
       "      <td>0.590879</td>\n",
       "      <td>-0.049553</td>\n",
       "      <td>-0.004882</td>\n",
       "      <td>0.092104</td>\n",
       "      <td>0.915544</td>\n",
       "    </tr>\n",
       "    <tr>\n",
       "      <th>room_num</th>\n",
       "      <td>0.696304</td>\n",
       "      <td>-0.219247</td>\n",
       "      <td>-0.391676</td>\n",
       "      <td>-0.302188</td>\n",
       "      <td>1.000000</td>\n",
       "      <td>-0.240265</td>\n",
       "      <td>0.208464</td>\n",
       "      <td>0.203981</td>\n",
       "      <td>0.201907</td>\n",
       "      <td>0.205397</td>\n",
       "      <td>0.355501</td>\n",
       "      <td>-0.613808</td>\n",
       "      <td>0.032009</td>\n",
       "      <td>0.030674</td>\n",
       "      <td>-0.064694</td>\n",
       "      <td>-0.282817</td>\n",
       "    </tr>\n",
       "    <tr>\n",
       "      <th>age</th>\n",
       "      <td>-0.377999</td>\n",
       "      <td>0.352734</td>\n",
       "      <td>0.644779</td>\n",
       "      <td>0.731470</td>\n",
       "      <td>-0.240265</td>\n",
       "      <td>1.000000</td>\n",
       "      <td>-0.746904</td>\n",
       "      <td>-0.746493</td>\n",
       "      <td>-0.747021</td>\n",
       "      <td>-0.746707</td>\n",
       "      <td>-0.261515</td>\n",
       "      <td>0.602339</td>\n",
       "      <td>-0.021012</td>\n",
       "      <td>0.009380</td>\n",
       "      <td>0.075198</td>\n",
       "      <td>0.673850</td>\n",
       "    </tr>\n",
       "    <tr>\n",
       "      <th>dist1</th>\n",
       "      <td>0.251355</td>\n",
       "      <td>-0.380050</td>\n",
       "      <td>-0.706481</td>\n",
       "      <td>-0.768589</td>\n",
       "      <td>0.208464</td>\n",
       "      <td>-0.746904</td>\n",
       "      <td>1.000000</td>\n",
       "      <td>0.997905</td>\n",
       "      <td>0.997735</td>\n",
       "      <td>0.994073</td>\n",
       "      <td>0.232834</td>\n",
       "      <td>-0.498823</td>\n",
       "      <td>-0.030365</td>\n",
       "      <td>-0.014463</td>\n",
       "      <td>-0.036794</td>\n",
       "      <td>-0.706319</td>\n",
       "    </tr>\n",
       "    <tr>\n",
       "      <th>dist2</th>\n",
       "      <td>0.249459</td>\n",
       "      <td>-0.379813</td>\n",
       "      <td>-0.707956</td>\n",
       "      <td>-0.769724</td>\n",
       "      <td>0.203981</td>\n",
       "      <td>-0.746493</td>\n",
       "      <td>0.997905</td>\n",
       "      <td>1.000000</td>\n",
       "      <td>0.998097</td>\n",
       "      <td>0.994003</td>\n",
       "      <td>0.233707</td>\n",
       "      <td>-0.495693</td>\n",
       "      <td>-0.031071</td>\n",
       "      <td>-0.010239</td>\n",
       "      <td>-0.038005</td>\n",
       "      <td>-0.708237</td>\n",
       "    </tr>\n",
       "    <tr>\n",
       "      <th>dist3</th>\n",
       "      <td>0.246650</td>\n",
       "      <td>-0.380069</td>\n",
       "      <td>-0.707566</td>\n",
       "      <td>-0.769157</td>\n",
       "      <td>0.201907</td>\n",
       "      <td>-0.747021</td>\n",
       "      <td>0.997735</td>\n",
       "      <td>0.998097</td>\n",
       "      <td>1.000000</td>\n",
       "      <td>0.994126</td>\n",
       "      <td>0.233588</td>\n",
       "      <td>-0.494290</td>\n",
       "      <td>-0.028315</td>\n",
       "      <td>-0.010077</td>\n",
       "      <td>-0.041470</td>\n",
       "      <td>-0.709346</td>\n",
       "    </tr>\n",
       "    <tr>\n",
       "      <th>dist4</th>\n",
       "      <td>0.248200</td>\n",
       "      <td>-0.376462</td>\n",
       "      <td>-0.705819</td>\n",
       "      <td>-0.764873</td>\n",
       "      <td>0.205397</td>\n",
       "      <td>-0.746707</td>\n",
       "      <td>0.994073</td>\n",
       "      <td>0.994003</td>\n",
       "      <td>0.994126</td>\n",
       "      <td>1.000000</td>\n",
       "      <td>0.228256</td>\n",
       "      <td>-0.496084</td>\n",
       "      <td>-0.021534</td>\n",
       "      <td>-0.005850</td>\n",
       "      <td>-0.032542</td>\n",
       "      <td>-0.703508</td>\n",
       "    </tr>\n",
       "    <tr>\n",
       "      <th>teachers</th>\n",
       "      <td>0.505655</td>\n",
       "      <td>-0.289946</td>\n",
       "      <td>-0.383248</td>\n",
       "      <td>-0.188933</td>\n",
       "      <td>0.355501</td>\n",
       "      <td>-0.261515</td>\n",
       "      <td>0.232834</td>\n",
       "      <td>0.233707</td>\n",
       "      <td>0.233588</td>\n",
       "      <td>0.228256</td>\n",
       "      <td>1.000000</td>\n",
       "      <td>-0.374044</td>\n",
       "      <td>-0.008056</td>\n",
       "      <td>-0.023343</td>\n",
       "      <td>-0.045836</td>\n",
       "      <td>-0.187004</td>\n",
       "    </tr>\n",
       "    <tr>\n",
       "      <th>poor_prop</th>\n",
       "      <td>-0.740836</td>\n",
       "      <td>0.455621</td>\n",
       "      <td>0.603800</td>\n",
       "      <td>0.590879</td>\n",
       "      <td>-0.613808</td>\n",
       "      <td>0.602339</td>\n",
       "      <td>-0.498823</td>\n",
       "      <td>-0.495693</td>\n",
       "      <td>-0.494290</td>\n",
       "      <td>-0.496084</td>\n",
       "      <td>-0.374044</td>\n",
       "      <td>1.000000</td>\n",
       "      <td>-0.066008</td>\n",
       "      <td>0.003337</td>\n",
       "      <td>0.061581</td>\n",
       "      <td>0.552310</td>\n",
       "    </tr>\n",
       "    <tr>\n",
       "      <th>n_hos_beds</th>\n",
       "      <td>0.108880</td>\n",
       "      <td>0.017371</td>\n",
       "      <td>0.005799</td>\n",
       "      <td>-0.049553</td>\n",
       "      <td>0.032009</td>\n",
       "      <td>-0.021012</td>\n",
       "      <td>-0.030365</td>\n",
       "      <td>-0.031071</td>\n",
       "      <td>-0.028315</td>\n",
       "      <td>-0.021534</td>\n",
       "      <td>-0.008056</td>\n",
       "      <td>-0.066008</td>\n",
       "      <td>1.000000</td>\n",
       "      <td>-0.005455</td>\n",
       "      <td>0.058628</td>\n",
       "      <td>-0.071272</td>\n",
       "    </tr>\n",
       "    <tr>\n",
       "      <th>n_hot_rooms</th>\n",
       "      <td>0.023122</td>\n",
       "      <td>0.013518</td>\n",
       "      <td>-0.000839</td>\n",
       "      <td>-0.004882</td>\n",
       "      <td>0.030674</td>\n",
       "      <td>0.009380</td>\n",
       "      <td>-0.014463</td>\n",
       "      <td>-0.010239</td>\n",
       "      <td>-0.010077</td>\n",
       "      <td>-0.005850</td>\n",
       "      <td>-0.023343</td>\n",
       "      <td>0.003337</td>\n",
       "      <td>-0.005455</td>\n",
       "      <td>1.000000</td>\n",
       "      <td>-0.004840</td>\n",
       "      <td>0.006262</td>\n",
       "    </tr>\n",
       "    <tr>\n",
       "      <th>rainfall</th>\n",
       "      <td>-0.047426</td>\n",
       "      <td>0.059204</td>\n",
       "      <td>0.055810</td>\n",
       "      <td>0.092104</td>\n",
       "      <td>-0.064694</td>\n",
       "      <td>0.075198</td>\n",
       "      <td>-0.036794</td>\n",
       "      <td>-0.038005</td>\n",
       "      <td>-0.041470</td>\n",
       "      <td>-0.032542</td>\n",
       "      <td>-0.045836</td>\n",
       "      <td>0.061581</td>\n",
       "      <td>0.058628</td>\n",
       "      <td>-0.004840</td>\n",
       "      <td>1.000000</td>\n",
       "      <td>0.078641</td>\n",
       "    </tr>\n",
       "    <tr>\n",
       "      <th>parks</th>\n",
       "      <td>-0.391574</td>\n",
       "      <td>0.383235</td>\n",
       "      <td>0.707635</td>\n",
       "      <td>0.915544</td>\n",
       "      <td>-0.282817</td>\n",
       "      <td>0.673850</td>\n",
       "      <td>-0.706319</td>\n",
       "      <td>-0.708237</td>\n",
       "      <td>-0.709346</td>\n",
       "      <td>-0.703508</td>\n",
       "      <td>-0.187004</td>\n",
       "      <td>0.552310</td>\n",
       "      <td>-0.071272</td>\n",
       "      <td>0.006262</td>\n",
       "      <td>0.078641</td>\n",
       "      <td>1.000000</td>\n",
       "    </tr>\n",
       "  </tbody>\n",
       "</table>\n",
       "</div>"
      ],
      "text/plain": [
       "                price  crime_rate  resid_area  air_qual  room_num       age   \n",
       "price        1.000000   -0.389582   -0.484754 -0.429300  0.696304 -0.377999  \\\n",
       "crime_rate  -0.389582    1.000000    0.406583  0.420972 -0.219247  0.352734   \n",
       "resid_area  -0.484754    0.406583    1.000000  0.763651 -0.391676  0.644779   \n",
       "air_qual    -0.429300    0.420972    0.763651  1.000000 -0.302188  0.731470   \n",
       "room_num     0.696304   -0.219247   -0.391676 -0.302188  1.000000 -0.240265   \n",
       "age         -0.377999    0.352734    0.644779  0.731470 -0.240265  1.000000   \n",
       "dist1        0.251355   -0.380050   -0.706481 -0.768589  0.208464 -0.746904   \n",
       "dist2        0.249459   -0.379813   -0.707956 -0.769724  0.203981 -0.746493   \n",
       "dist3        0.246650   -0.380069   -0.707566 -0.769157  0.201907 -0.747021   \n",
       "dist4        0.248200   -0.376462   -0.705819 -0.764873  0.205397 -0.746707   \n",
       "teachers     0.505655   -0.289946   -0.383248 -0.188933  0.355501 -0.261515   \n",
       "poor_prop   -0.740836    0.455621    0.603800  0.590879 -0.613808  0.602339   \n",
       "n_hos_beds   0.108880    0.017371    0.005799 -0.049553  0.032009 -0.021012   \n",
       "n_hot_rooms  0.023122    0.013518   -0.000839 -0.004882  0.030674  0.009380   \n",
       "rainfall    -0.047426    0.059204    0.055810  0.092104 -0.064694  0.075198   \n",
       "parks       -0.391574    0.383235    0.707635  0.915544 -0.282817  0.673850   \n",
       "\n",
       "                dist1     dist2     dist3     dist4  teachers  poor_prop   \n",
       "price        0.251355  0.249459  0.246650  0.248200  0.505655  -0.740836  \\\n",
       "crime_rate  -0.380050 -0.379813 -0.380069 -0.376462 -0.289946   0.455621   \n",
       "resid_area  -0.706481 -0.707956 -0.707566 -0.705819 -0.383248   0.603800   \n",
       "air_qual    -0.768589 -0.769724 -0.769157 -0.764873 -0.188933   0.590879   \n",
       "room_num     0.208464  0.203981  0.201907  0.205397  0.355501  -0.613808   \n",
       "age         -0.746904 -0.746493 -0.747021 -0.746707 -0.261515   0.602339   \n",
       "dist1        1.000000  0.997905  0.997735  0.994073  0.232834  -0.498823   \n",
       "dist2        0.997905  1.000000  0.998097  0.994003  0.233707  -0.495693   \n",
       "dist3        0.997735  0.998097  1.000000  0.994126  0.233588  -0.494290   \n",
       "dist4        0.994073  0.994003  0.994126  1.000000  0.228256  -0.496084   \n",
       "teachers     0.232834  0.233707  0.233588  0.228256  1.000000  -0.374044   \n",
       "poor_prop   -0.498823 -0.495693 -0.494290 -0.496084 -0.374044   1.000000   \n",
       "n_hos_beds  -0.030365 -0.031071 -0.028315 -0.021534 -0.008056  -0.066008   \n",
       "n_hot_rooms -0.014463 -0.010239 -0.010077 -0.005850 -0.023343   0.003337   \n",
       "rainfall    -0.036794 -0.038005 -0.041470 -0.032542 -0.045836   0.061581   \n",
       "parks       -0.706319 -0.708237 -0.709346 -0.703508 -0.187004   0.552310   \n",
       "\n",
       "             n_hos_beds  n_hot_rooms  rainfall     parks  \n",
       "price          0.108880     0.023122 -0.047426 -0.391574  \n",
       "crime_rate     0.017371     0.013518  0.059204  0.383235  \n",
       "resid_area     0.005799    -0.000839  0.055810  0.707635  \n",
       "air_qual      -0.049553    -0.004882  0.092104  0.915544  \n",
       "room_num       0.032009     0.030674 -0.064694 -0.282817  \n",
       "age           -0.021012     0.009380  0.075198  0.673850  \n",
       "dist1         -0.030365    -0.014463 -0.036794 -0.706319  \n",
       "dist2         -0.031071    -0.010239 -0.038005 -0.708237  \n",
       "dist3         -0.028315    -0.010077 -0.041470 -0.709346  \n",
       "dist4         -0.021534    -0.005850 -0.032542 -0.703508  \n",
       "teachers      -0.008056    -0.023343 -0.045836 -0.187004  \n",
       "poor_prop     -0.066008     0.003337  0.061581  0.552310  \n",
       "n_hos_beds     1.000000    -0.005455  0.058628 -0.071272  \n",
       "n_hot_rooms   -0.005455     1.000000 -0.004840  0.006262  \n",
       "rainfall       0.058628    -0.004840  1.000000  0.078641  \n",
       "parks         -0.071272     0.006262  0.078641  1.000000  "
      ]
     },
     "execution_count": 8,
     "metadata": {},
     "output_type": "execute_result"
    }
   ],
   "source": [
    "df.corr()"
   ]
  },
  {
   "cell_type": "code",
   "execution_count": 9,
   "id": "7449283f",
   "metadata": {},
   "outputs": [],
   "source": [
    "x = sm.add_constant(df['room_num'])\n",
    "lm = sm.OLS(df['price'],x).fit()"
   ]
  },
  {
   "cell_type": "code",
   "execution_count": 10,
   "id": "98517f86",
   "metadata": {},
   "outputs": [
    {
     "data": {
      "text/html": [
       "<table class=\"simpletable\">\n",
       "<caption>OLS Regression Results</caption>\n",
       "<tr>\n",
       "  <th>Dep. Variable:</th>          <td>price</td>      <th>  R-squared:         </th> <td>   0.485</td>\n",
       "</tr>\n",
       "<tr>\n",
       "  <th>Model:</th>                   <td>OLS</td>       <th>  Adj. R-squared:    </th> <td>   0.484</td>\n",
       "</tr>\n",
       "<tr>\n",
       "  <th>Method:</th>             <td>Least Squares</td>  <th>  F-statistic:       </th> <td>   474.3</td>\n",
       "</tr>\n",
       "<tr>\n",
       "  <th>Date:</th>             <td>Mon, 17 Apr 2023</td> <th>  Prob (F-statistic):</th> <td>1.31e-74</td>\n",
       "</tr>\n",
       "<tr>\n",
       "  <th>Time:</th>                 <td>14:07:21</td>     <th>  Log-Likelihood:    </th> <td> -1671.6</td>\n",
       "</tr>\n",
       "<tr>\n",
       "  <th>No. Observations:</th>      <td>   506</td>      <th>  AIC:               </th> <td>   3347.</td>\n",
       "</tr>\n",
       "<tr>\n",
       "  <th>Df Residuals:</th>          <td>   504</td>      <th>  BIC:               </th> <td>   3356.</td>\n",
       "</tr>\n",
       "<tr>\n",
       "  <th>Df Model:</th>              <td>     1</td>      <th>                     </th>     <td> </td>   \n",
       "</tr>\n",
       "<tr>\n",
       "  <th>Covariance Type:</th>      <td>nonrobust</td>    <th>                     </th>     <td> </td>   \n",
       "</tr>\n",
       "</table>\n",
       "<table class=\"simpletable\">\n",
       "<tr>\n",
       "      <td></td>        <th>coef</th>     <th>std err</th>      <th>t</th>      <th>P>|t|</th>  <th>[0.025</th>    <th>0.975]</th>  \n",
       "</tr>\n",
       "<tr>\n",
       "  <th>const</th>    <td>  -34.6592</td> <td>    2.642</td> <td>  -13.118</td> <td> 0.000</td> <td>  -39.850</td> <td>  -29.468</td>\n",
       "</tr>\n",
       "<tr>\n",
       "  <th>room_num</th> <td>    9.0997</td> <td>    0.418</td> <td>   21.779</td> <td> 0.000</td> <td>    8.279</td> <td>    9.921</td>\n",
       "</tr>\n",
       "</table>\n",
       "<table class=\"simpletable\">\n",
       "<tr>\n",
       "  <th>Omnibus:</th>       <td>103.753</td> <th>  Durbin-Watson:     </th> <td>   0.681</td> \n",
       "</tr>\n",
       "<tr>\n",
       "  <th>Prob(Omnibus):</th> <td> 0.000</td>  <th>  Jarque-Bera (JB):  </th> <td> 633.429</td> \n",
       "</tr>\n",
       "<tr>\n",
       "  <th>Skew:</th>          <td> 0.729</td>  <th>  Prob(JB):          </th> <td>2.84e-138</td>\n",
       "</tr>\n",
       "<tr>\n",
       "  <th>Kurtosis:</th>      <td> 8.284</td>  <th>  Cond. No.          </th> <td>    58.4</td> \n",
       "</tr>\n",
       "</table><br/><br/>Notes:<br/>[1] Standard Errors assume that the covariance matrix of the errors is correctly specified."
      ],
      "text/plain": [
       "<class 'statsmodels.iolib.summary.Summary'>\n",
       "\"\"\"\n",
       "                            OLS Regression Results                            \n",
       "==============================================================================\n",
       "Dep. Variable:                  price   R-squared:                       0.485\n",
       "Model:                            OLS   Adj. R-squared:                  0.484\n",
       "Method:                 Least Squares   F-statistic:                     474.3\n",
       "Date:                Mon, 17 Apr 2023   Prob (F-statistic):           1.31e-74\n",
       "Time:                        14:07:21   Log-Likelihood:                -1671.6\n",
       "No. Observations:                 506   AIC:                             3347.\n",
       "Df Residuals:                     504   BIC:                             3356.\n",
       "Df Model:                           1                                         \n",
       "Covariance Type:            nonrobust                                         \n",
       "==============================================================================\n",
       "                 coef    std err          t      P>|t|      [0.025      0.975]\n",
       "------------------------------------------------------------------------------\n",
       "const        -34.6592      2.642    -13.118      0.000     -39.850     -29.468\n",
       "room_num       9.0997      0.418     21.779      0.000       8.279       9.921\n",
       "==============================================================================\n",
       "Omnibus:                      103.753   Durbin-Watson:                   0.681\n",
       "Prob(Omnibus):                  0.000   Jarque-Bera (JB):              633.429\n",
       "Skew:                           0.729   Prob(JB):                    2.84e-138\n",
       "Kurtosis:                       8.284   Cond. No.                         58.4\n",
       "==============================================================================\n",
       "\n",
       "Notes:\n",
       "[1] Standard Errors assume that the covariance matrix of the errors is correctly specified.\n",
       "\"\"\""
      ]
     },
     "execution_count": 10,
     "metadata": {},
     "output_type": "execute_result"
    }
   ],
   "source": [
    "lm.summary()"
   ]
  },
  {
   "cell_type": "code",
   "execution_count": 11,
   "id": "593c3ebf",
   "metadata": {},
   "outputs": [],
   "source": [
    "from sklearn.linear_model import LinearRegression"
   ]
  },
  {
   "cell_type": "code",
   "execution_count": 12,
   "id": "f98f069c",
   "metadata": {},
   "outputs": [
    {
     "data": {
      "text/html": [
       "<style>#sk-container-id-1 {color: black;background-color: white;}#sk-container-id-1 pre{padding: 0;}#sk-container-id-1 div.sk-toggleable {background-color: white;}#sk-container-id-1 label.sk-toggleable__label {cursor: pointer;display: block;width: 100%;margin-bottom: 0;padding: 0.3em;box-sizing: border-box;text-align: center;}#sk-container-id-1 label.sk-toggleable__label-arrow:before {content: \"▸\";float: left;margin-right: 0.25em;color: #696969;}#sk-container-id-1 label.sk-toggleable__label-arrow:hover:before {color: black;}#sk-container-id-1 div.sk-estimator:hover label.sk-toggleable__label-arrow:before {color: black;}#sk-container-id-1 div.sk-toggleable__content {max-height: 0;max-width: 0;overflow: hidden;text-align: left;background-color: #f0f8ff;}#sk-container-id-1 div.sk-toggleable__content pre {margin: 0.2em;color: black;border-radius: 0.25em;background-color: #f0f8ff;}#sk-container-id-1 input.sk-toggleable__control:checked~div.sk-toggleable__content {max-height: 200px;max-width: 100%;overflow: auto;}#sk-container-id-1 input.sk-toggleable__control:checked~label.sk-toggleable__label-arrow:before {content: \"▾\";}#sk-container-id-1 div.sk-estimator input.sk-toggleable__control:checked~label.sk-toggleable__label {background-color: #d4ebff;}#sk-container-id-1 div.sk-label input.sk-toggleable__control:checked~label.sk-toggleable__label {background-color: #d4ebff;}#sk-container-id-1 input.sk-hidden--visually {border: 0;clip: rect(1px 1px 1px 1px);clip: rect(1px, 1px, 1px, 1px);height: 1px;margin: -1px;overflow: hidden;padding: 0;position: absolute;width: 1px;}#sk-container-id-1 div.sk-estimator {font-family: monospace;background-color: #f0f8ff;border: 1px dotted black;border-radius: 0.25em;box-sizing: border-box;margin-bottom: 0.5em;}#sk-container-id-1 div.sk-estimator:hover {background-color: #d4ebff;}#sk-container-id-1 div.sk-parallel-item::after {content: \"\";width: 100%;border-bottom: 1px solid gray;flex-grow: 1;}#sk-container-id-1 div.sk-label:hover label.sk-toggleable__label {background-color: #d4ebff;}#sk-container-id-1 div.sk-serial::before {content: \"\";position: absolute;border-left: 1px solid gray;box-sizing: border-box;top: 0;bottom: 0;left: 50%;z-index: 0;}#sk-container-id-1 div.sk-serial {display: flex;flex-direction: column;align-items: center;background-color: white;padding-right: 0.2em;padding-left: 0.2em;position: relative;}#sk-container-id-1 div.sk-item {position: relative;z-index: 1;}#sk-container-id-1 div.sk-parallel {display: flex;align-items: stretch;justify-content: center;background-color: white;position: relative;}#sk-container-id-1 div.sk-item::before, #sk-container-id-1 div.sk-parallel-item::before {content: \"\";position: absolute;border-left: 1px solid gray;box-sizing: border-box;top: 0;bottom: 0;left: 50%;z-index: -1;}#sk-container-id-1 div.sk-parallel-item {display: flex;flex-direction: column;z-index: 1;position: relative;background-color: white;}#sk-container-id-1 div.sk-parallel-item:first-child::after {align-self: flex-end;width: 50%;}#sk-container-id-1 div.sk-parallel-item:last-child::after {align-self: flex-start;width: 50%;}#sk-container-id-1 div.sk-parallel-item:only-child::after {width: 0;}#sk-container-id-1 div.sk-dashed-wrapped {border: 1px dashed gray;margin: 0 0.4em 0.5em 0.4em;box-sizing: border-box;padding-bottom: 0.4em;background-color: white;}#sk-container-id-1 div.sk-label label {font-family: monospace;font-weight: bold;display: inline-block;line-height: 1.2em;}#sk-container-id-1 div.sk-label-container {text-align: center;}#sk-container-id-1 div.sk-container {/* jupyter's `normalize.less` sets `[hidden] { display: none; }` but bootstrap.min.css set `[hidden] { display: none !important; }` so we also need the `!important` here to be able to override the default hidden behavior on the sphinx rendered scikit-learn.org. See: https://github.com/scikit-learn/scikit-learn/issues/21755 */display: inline-block !important;position: relative;}#sk-container-id-1 div.sk-text-repr-fallback {display: none;}</style><div id=\"sk-container-id-1\" class=\"sk-top-container\"><div class=\"sk-text-repr-fallback\"><pre>LinearRegression()</pre><b>In a Jupyter environment, please rerun this cell to show the HTML representation or trust the notebook. <br />On GitHub, the HTML representation is unable to render, please try loading this page with nbviewer.org.</b></div><div class=\"sk-container\" hidden><div class=\"sk-item\"><div class=\"sk-estimator sk-toggleable\"><input class=\"sk-toggleable__control sk-hidden--visually\" id=\"sk-estimator-id-1\" type=\"checkbox\" checked><label for=\"sk-estimator-id-1\" class=\"sk-toggleable__label sk-toggleable__label-arrow\">LinearRegression</label><div class=\"sk-toggleable__content\"><pre>LinearRegression()</pre></div></div></div></div></div>"
      ],
      "text/plain": [
       "LinearRegression()"
      ]
     },
     "execution_count": 12,
     "metadata": {},
     "output_type": "execute_result"
    }
   ],
   "source": [
    "y_axis = df['price']\n",
    "x_axis = df[['room_num']]\n",
    "lm2 = LinearRegression()\n",
    "lm2.fit(x_axis,y_axis)"
   ]
  },
  {
   "cell_type": "code",
   "execution_count": 13,
   "id": "424b5648",
   "metadata": {},
   "outputs": [
    {
     "name": "stdout",
     "output_type": "stream",
     "text": [
      "-34.6592431230972 [9.09966966]\n"
     ]
    }
   ],
   "source": [
    "print(lm2.intercept_,lm2.coef_)"
   ]
  },
  {
   "cell_type": "code",
   "execution_count": 14,
   "id": "df951804",
   "metadata": {},
   "outputs": [
    {
     "data": {
      "text/plain": [
       "array([25.17108491, 23.76973578, 30.72188341, 29.02024518, 30.37609596,\n",
       "       23.85163281, 20.04797089, 21.50391804, 16.58099675, 19.97517353,\n",
       "       23.36935032, 20.02067188, 18.92871152, 19.4746917 , 20.81234314,\n",
       "       18.42822969, 19.34729633, 19.84777816, 14.98855456, 17.45456504,\n",
       "       16.0259169 , 19.62028642, 21.23092795, 18.23713663, 19.24719996,\n",
       "       16.28980732, 18.23713663, 20.36645933, 24.44311134, 26.07195221,\n",
       "       17.32716966, 20.59395107, 19.48379137, 17.21797363, 20.81234314,\n",
       "       19.32909699, 18.49192738, 18.57382441, 19.62938609, 25.3530783 ,\n",
       "       29.25683659, 26.9455205 , 21.47661903, 21.85880515, 20.56665206,\n",
       "       17.0450799 , 17.99144555, 20.21176495, 14.46987339, 16.31710633,\n",
       "       19.60208708, 20.98523687, 24.58870605, 19.92057552, 18.91961185,\n",
       "       31.30426226, 23.42394834, 27.3641053 , 21.25822696, 19.27449897,\n",
       "       17.58196041, 19.62938609, 24.08822422, 26.87272314, 29.98481016,\n",
       "       22.57767906, 18.00054522, 18.82861516, 16.24430897, 18.89231284,\n",
       "       23.7333371 , 19.58388774, 20.53025338, 22.16819392, 22.42298467,\n",
       "       22.54128038, 22.47758269, 21.21272861, 22.04989822, 18.79221648,\n",
       "       26.5542347 , 25.57147038, 22.68687509, 21.45841969, 23.47854635,\n",
       "       25.67156674, 20.0752699 , 21.03983488, 29.10214221, 29.75731842,\n",
       "       23.7333371 , 23.62414107, 23.96082885, 21.85880515, 22.2045926 ,\n",
       "       25.62606839, 21.42202101, 38.76599139, 36.50017364, 32.8239071 ,\n",
       "       26.5542347 , 27.04561686, 23.62414107, 21.1854296 , 21.45841969,\n",
       "       18.58292408, 18.44642903, 21.0944329 , 24.25201828, 22.02259921,\n",
       "       21.71321044, 26.44503866, 19.14710359, 20.77594446, 22.25009095,\n",
       "       19.28359864, 21.54031672, 20.12986792, 18.77401714, 17.49096372,\n",
       "       18.7558178 , 19.97517353, 19.58388774, 18.62842242, 18.83771483,\n",
       "       19.81137948, 16.4172027 , 17.14517627, 23.86073248, 16.63559477,\n",
       "       24.10642356, 22.90526717, 23.32385197, 18.31903366, 17.72755513,\n",
       "       22.98716419, 19.41099401, 24.07002488, 18.63752209, 21.31282497,\n",
       "       21.52211738, 11.01199892, 14.50627207, 15.09775059,  9.95643723,\n",
       "       21.12173191, 16.55369774, 10.16572964, 12.53164375, 16.27160798,\n",
       "       21.04893455, 14.51537174, 10.94830123, 17.29077098, 21.11263224,\n",
       "       21.32192464, 13.31421534, 28.51976335, 20.53935305, 24.57960638,\n",
       "       22.21369227, 33.48818298, 36.33637959, 41.55049031, 18.61022308,\n",
       "       20.85784149, 37.49203764, 18.81951549, 22.84156948, 23.59684206,\n",
       "       18.80131615, 18.8468145 , 16.04411624, 23.72423744, 18.65572143,\n",
       "       24.90719449, 20.12076825, 22.8051708 , 27.76449077, 28.85645113,\n",
       "       35.99969181, 21.24912729, 30.44889332, 25.06188888, 16.33530567,\n",
       "       21.33102431, 36.60027001, 27.05471653, 24.99819119, 30.72188341,\n",
       "       28.5925607 , 26.66343074, 30.65818572, 27.21851059, 25.43497533,\n",
       "       37.00065547, 31.65004971, 30.01210917, 31.53175401, 28.81095278,\n",
       "       30.26689992, 21.41292134, 34.58924301, 36.80046274, 38.44750295,\n",
       "       18.94691086, 22.90526717, 17.96414654, 20.52115371, 13.96939156,\n",
       "       19.57478807, 14.51537174, 18.18253861, 23.35115098, 14.58816909,\n",
       "       21.59491473, 18.91961185, 25.78076278, 19.49289104, 23.33295164,\n",
       "       28.5925607 , 21.43112068, 27.93738449, 25.56237071, 40.55862631,\n",
       "       44.73537469, 38.50210097, 30.52169067, 35.28081791, 24.96179251,\n",
       "       19.76588113, 32.78750842, 41.20470286, 40.38573259, 26.54513503,\n",
       "       20.72134645, 25.68066641, 32.29612626, 24.31571596, 25.45317467,\n",
       "       28.10117854, 20.80324347, 23.19645659, 23.51494503, 16.2352093 ,\n",
       "       16.34440534, 20.92153918, 21.9953002 , 23.87893182, 26.47233767,\n",
       "       24.37031398, 23.92443017, 28.64715872, 40.49492862, 20.92153918,\n",
       "       18.81041582, 33.16969455, 44.54428162, 32.06863452, 27.60069671,\n",
       "       30.88567746, 33.77027274, 41.75978271, 32.0140365 , 30.91297647,\n",
       "       15.9349202 , 29.16583989, 40.84071607, 33.31528926, 19.21080128,\n",
       "       18.62842242, 22.12269557, 24.83439713, 35.32631626, 26.83632446,\n",
       "       27.70989275, 31.46805632, 27.455102  , 24.32481563, 27.32770662,\n",
       "       36.50017364, 28.74725509, 34.90773145, 37.43743962, 29.83921545,\n",
       "       24.06092521, 22.03169888, 21.84060581, 22.8051708 , 25.08008821,\n",
       "       27.77359044, 30.38519563, 25.67156674, 21.0944329 , 20.02067188,\n",
       "       26.10835089, 24.9344935 , 18.02784423, 23.07816089, 29.41153097,\n",
       "       27.86458713, 25.30757996, 24.44311134, 28.87465046, 31.18596656,\n",
       "       25.54417137, 32.86030578, 27.6643944 , 25.71706509, 19.6839841 ,\n",
       "       10.59341411, 21.04893455, 20.14806726, 22.35928699, 25.09828755,\n",
       "       17.2543723 , 19.15620326, 17.95504687, 23.41484867, 20.96703753,\n",
       "       23.81523413, 23.36025065, 20.31186131, 17.28167131, 23.71513777,\n",
       "       23.86073248, 22.77787179, 20.69404744, 18.73761846, 22.96896485,\n",
       "       21.24912729, 17.26347197, 20.22086461, 22.81427047, 22.75967245,\n",
       "       20.27546263, 18.74671813, 18.98330954, 20.47565537, 19.80227981,\n",
       "       19.64758543, 31.23146491, 24.85259647, 26.27214494, 27.89188614,\n",
       "       20.06617023, 19.01060855, 24.6342044 , 25.71706509, 28.48336467,\n",
       "       24.39761299, 25.20748359, 18.88321317, 26.56333437, 16.87218618,\n",
       "       19.356396  , 21.86790482, 23.53314437, 21.0944329 , 20.95793786,\n",
       "       23.56044338, 22.22279194, 14.13318561, 18.14613993, 45.23585652,\n",
       "       -2.25531945, 10.50241741,  0.49278079, 10.5661151 , 26.15384924,\n",
       "       29.18403923, 21.9043035 , 18.80131615,  9.98373624,  2.99518994,\n",
       "       31.88664112, 25.84446047, 27.16391257, 23.39664933, 21.96800119,\n",
       "       28.74725509, 24.89809482, 15.71652813, 15.57093342,  5.08811397,\n",
